111111111111111111111111111111111111111111111111
tensor([[[ -2.5319,   2.0086,  -4.3562],
         [ -5.3053,   8.4760,  -5.4008],
         [ -9.4462,   5.4988, -23.4563],
         [  0.0000,   0.0000,   0.0000],
         [  0.0000,   0.0000,   0.0000],
         [  0.0000,   0.0000,   0.0000],
         [  0.0000,   0.0000,   0.0000],
         [  0.0000,   0.0000,   0.0000],
         [  0.0000,   0.0000,   0.0000],
         [  0.0000,   0.0000,   0.0000]]], grad_fn=<AsStridedBackward0>)
111111111111111111111111111111111111111111111111
111111111111111111111111111111111111111111111111
tensor([[[ -2.5731,   2.0180,  -4.3256],
         [ -4.1032,   5.3489,  -4.8148],
         [ -5.2294,   3.3357, -11.5436],
         [  0.0000,   0.0000,   0.0000],
         [  0.0000,   0.0000,   0.0000],
         [  0.0000,   0.0000,   0.0000],
         [  0.0000,   0.0000,   0.0000],
         [  0.0000,   0.0000,   0.0000],
         [  0.0000,   0.0000,   0.0000],
         [  0.0000,   0.0000,   0.0000]]], grad_fn=<AsStridedBackward0>)
111111111111111111111111111111111111111111111111
111111111111111111111111111111111111111111111111
tensor([[[-2.6099,  2.0267, -4.2983],
         [-3.4195,  3.5940, -4.5000],
         [-2.8540,  2.1461, -4.9524],
         [ 0.0000,  0.0000,  0.0000],
         [ 0.0000,  0.0000,  0.0000],
         [ 0.0000,  0.0000,  0.0000],
         [ 0.0000,  0.0000,  0.0000],
         [ 0.0000,  0.0000,  0.0000],
         [ 0.0000,  0.0000,  0.0000],
         [ 0.0000,  0.0000,  0.0000]]], grad_fn=<AsStridedBackward0>)
111111111111111111111111111111111111111111111111
111111111111111111111111111111111111111111111111
tensor([[[-2.6420,  2.0347, -4.2747],
         [-3.5479,  3.7940, -4.4883],
         [-3.1345,  2.2730, -5.5795],
         [ 0.0000,  0.0000,  0.0000],
         [ 0.0000,  0.0000,  0.0000],
         [ 0.0000,  0.0000,  0.0000],
         [ 0.0000,  0.0000,  0.0000],
         [ 0.0000,  0.0000,  0.0000],
         [ 0.0000,  0.0000,  0.0000],
         [ 0.0000,  0.0000,  0.0000]]], grad_fn=<AsStridedBackward0>)
111111111111111111111111111111111111111111111111
111111111111111111111111111111111111111111111111
tensor([[[-2.6715,  2.0423, -4.2530],
         [-3.4358,  3.4503, -4.4076],
         [-2.6715,  2.0423, -4.2530],
         [ 0.0000,  0.0000,  0.0000],
         [ 0.0000,  0.0000,  0.0000],
         [ 0.0000,  0.0000,  0.0000],
         [ 0.0000,  0.0000,  0.0000],
         [ 0.0000,  0.0000,  0.0000],
         [ 0.0000,  0.0000,  0.0000],
         [ 0.0000,  0.0000,  0.0000]]], grad_fn=<AsStridedBackward0>)
111111111111111111111111111111111111111111111111
2222222222222222222222222222222222222222222222222220000000000000000000000000000000000000000
Epoch 1/10, Loss: 3.211764097213745
111111111111111111111111111111111111111111111111
tensor([[[-2.6991,  2.0497, -4.2328],
         [-3.6420,  3.8313, -4.4208],
         [-3.1989,  2.2874, -5.5321],
         [ 0.0000,  0.0000,  0.0000],
         [ 0.0000,  0.0000,  0.0000],
         [ 0.0000,  0.0000,  0.0000],
         [ 0.0000,  0.0000,  0.0000],
         [ 0.0000,  0.0000,  0.0000],
         [ 0.0000,  0.0000,  0.0000],
         [ 0.0000,  0.0000,  0.0000]]], grad_fn=<AsStridedBackward0>)
111111111111111111111111111111111111111111111111
111111111111111111111111111111111111111111111111
tensor([[[ -2.7255,   2.0570,  -4.2137],
         [ -4.4407,   5.4989,  -4.5727],
         [ -5.4920,   3.3636, -11.3465],
         [  0.0000,   0.0000,   0.0000],
         [  0.0000,   0.0000,   0.0000],
         [  0.0000,   0.0000,   0.0000],
         [  0.0000,   0.0000,   0.0000],
         [  0.0000,   0.0000,   0.0000],
         [  0.0000,   0.0000,   0.0000],
         [  0.0000,   0.0000,   0.0000]]], grad_fn=<AsStridedBackward0>)
111111111111111111111111111111111111111111111111
111111111111111111111111111111111111111111111111
tensor([[[-2.7534,  2.0650, -4.1934],
         [-3.5613,  3.4988, -4.3178],
         [-2.7534,  2.0650, -4.1934],
         [ 0.0000,  0.0000,  0.0000],
         [ 0.0000,  0.0000,  0.0000],
         [ 0.0000,  0.0000,  0.0000],
         [ 0.0000,  0.0000,  0.0000],
         [ 0.0000,  0.0000,  0.0000],
         [ 0.0000,  0.0000,  0.0000],
         [ 0.0000,  0.0000,  0.0000]]], grad_fn=<AsStridedBackward0>)
111111111111111111111111111111111111111111111111
111111111111111111111111111111111111111111111111
tensor([[[-2.7800,  2.0728, -4.1742],
         [-3.6901,  3.7001, -4.3062],
         [-3.0347,  2.1916, -4.8203],
         [ 0.0000,  0.0000,  0.0000],
         [ 0.0000,  0.0000,  0.0000],
         [ 0.0000,  0.0000,  0.0000],
         [ 0.0000,  0.0000,  0.0000],
         [ 0.0000,  0.0000,  0.0000],
         [ 0.0000,  0.0000,  0.0000],
         [ 0.0000,  0.0000,  0.0000]]], grad_fn=<AsStridedBackward0>)
111111111111111111111111111111111111111111111111
111111111111111111111111111111111111111111111111
tensor([[[ -2.8056,   2.0805,  -4.1559],
         [ -6.2352,   8.9277,  -4.7357],
         [-10.2353,   5.5258, -22.8596],
         [  0.0000,   0.0000,   0.0000],
         [  0.0000,   0.0000,   0.0000],
         [  0.0000,   0.0000,   0.0000],
         [  0.0000,   0.0000,   0.0000],
         [  0.0000,   0.0000,   0.0000],
         [  0.0000,   0.0000,   0.0000],
         [  0.0000,   0.0000,   0.0000]]], grad_fn=<AsStridedBackward0>)
111111111111111111111111111111111111111111111111
2222222222222222222222222222222222222222222222222220000000000000000000000000000000000000000
Epoch 2/10, Loss: 20.03176498413086
111111111111111111111111111111111111111111111111
tensor([[[-2.8354,  2.0893, -4.1343],
         [-3.7792,  3.7359, -4.2428],
         [-3.0935,  2.2081, -4.7778],
         [ 0.0000,  0.0000,  0.0000],
         [ 0.0000,  0.0000,  0.0000],
         [ 0.0000,  0.0000,  0.0000],
         [ 0.0000,  0.0000,  0.0000],
         [ 0.0000,  0.0000,  0.0000],
         [ 0.0000,  0.0000,  0.0000],
         [ 0.0000,  0.0000,  0.0000]]], grad_fn=<AsStridedBackward0>)
111111111111111111111111111111111111111111111111
111111111111111111111111111111111111111111111111
tensor([[[ -2.8636,   2.0977,  -4.1139],
         [ -4.7577,   5.6361,  -4.3466],
         [ -5.7213,   3.4047, -11.1789],
         [  0.0000,   0.0000,   0.0000],
         [  0.0000,   0.0000,   0.0000],
         [  0.0000,   0.0000,   0.0000],
         [  0.0000,   0.0000,   0.0000],
         [  0.0000,   0.0000,   0.0000],
         [  0.0000,   0.0000,   0.0000],
         [  0.0000,   0.0000,   0.0000]]], grad_fn=<AsStridedBackward0>)
111111111111111111111111111111111111111111111111
111111111111111111111111111111111111111111111111
tensor([[[ -2.8922,   2.1065,  -4.0934],
         [ -6.5384,   9.0708,  -4.5195],
         [-10.4761,   5.5536, -22.6821],
         [  0.0000,   0.0000,   0.0000],
         [  0.0000,   0.0000,   0.0000],
         [  0.0000,   0.0000,   0.0000],
         [  0.0000,   0.0000,   0.0000],
         [  0.0000,   0.0000,   0.0000],
         [  0.0000,   0.0000,   0.0000],
         [  0.0000,   0.0000,   0.0000]]], grad_fn=<AsStridedBackward0>)
111111111111111111111111111111111111111111111111
111111111111111111111111111111111111111111111111
tensor([[[-2.9238,  2.1163, -4.0706],
         [-4.0179,  3.9846, -4.1533],
         [-3.4508,  2.3541, -5.3495],
         [ 0.0000,  0.0000,  0.0000],
         [ 0.0000,  0.0000,  0.0000],
         [ 0.0000,  0.0000,  0.0000],
         [ 0.0000,  0.0000,  0.0000],
         [ 0.0000,  0.0000,  0.0000],
         [ 0.0000,  0.0000,  0.0000],
         [ 0.0000,  0.0000,  0.0000]]], grad_fn=<AsStridedBackward0>)
111111111111111111111111111111111111111111111111
111111111111111111111111111111111111111111111111
tensor([[[-2.9534,  2.1257, -4.0493],
         [-3.8683,  3.6227, -4.0999],
         [-2.9534,  2.1257, -4.0493],
         [ 0.0000,  0.0000,  0.0000],
         [ 0.0000,  0.0000,  0.0000],
         [ 0.0000,  0.0000,  0.0000],
         [ 0.0000,  0.0000,  0.0000],
         [ 0.0000,  0.0000,  0.0000],
         [ 0.0000,  0.0000,  0.0000],
         [ 0.0000,  0.0000,  0.0000]]], grad_fn=<AsStridedBackward0>)
111111111111111111111111111111111111111111111111
2222222222222222222222222222222222222222222222222220000000000000000000000000000000000000000
Epoch 3/10, Loss: 0.939601719379425
111111111111111111111111111111111111111111111111
tensor([[[-2.9812,  2.1345, -4.0293],
         [-4.0122,  3.8329, -4.0777],
         [-3.2483,  2.2536, -4.6662],
         [ 0.0000,  0.0000,  0.0000],
         [ 0.0000,  0.0000,  0.0000],
         [ 0.0000,  0.0000,  0.0000],
         [ 0.0000,  0.0000,  0.0000],
         [ 0.0000,  0.0000,  0.0000],
         [ 0.0000,  0.0000,  0.0000],
         [ 0.0000,  0.0000,  0.0000]]], grad_fn=<AsStridedBackward0>)
111111111111111111111111111111111111111111111111
111111111111111111111111111111111111111111111111
tensor([[[-3.0073,  2.1430, -4.0107],
         [-3.9510,  3.6573, -4.0415],
         [-3.0073,  2.1430, -4.0107],
         [ 0.0000,  0.0000,  0.0000],
         [ 0.0000,  0.0000,  0.0000],
         [ 0.0000,  0.0000,  0.0000],
         [ 0.0000,  0.0000,  0.0000],
         [ 0.0000,  0.0000,  0.0000],
         [ 0.0000,  0.0000,  0.0000],
         [ 0.0000,  0.0000,  0.0000]]], grad_fn=<AsStridedBackward0>)
111111111111111111111111111111111111111111111111
111111111111111111111111111111111111111111111111
tensor([[[ -3.0318,   2.1511,  -3.9932],
         [ -5.1414,   5.8105,  -4.0744],
         [ -6.0029,   3.4625, -10.9741],
         [  0.0000,   0.0000,   0.0000],
         [  0.0000,   0.0000,   0.0000],
         [  0.0000,   0.0000,   0.0000],
         [  0.0000,   0.0000,   0.0000],
         [  0.0000,   0.0000,   0.0000],
         [  0.0000,   0.0000,   0.0000],
         [  0.0000,   0.0000,   0.0000]]], grad_fn=<AsStridedBackward0>)
111111111111111111111111111111111111111111111111
111111111111111111111111111111111111111111111111
tensor([[[ -3.0563,   2.1595,  -3.9758],
         [ -7.1154,   9.3503,  -4.1098],
         [-10.9310,   5.6206, -22.3500],
         [  0.0000,   0.0000,   0.0000],
         [  0.0000,   0.0000,   0.0000],
         [  0.0000,   0.0000,   0.0000],
         [  0.0000,   0.0000,   0.0000],
         [  0.0000,   0.0000,   0.0000],
         [  0.0000,   0.0000,   0.0000],
         [  0.0000,   0.0000,   0.0000]]], grad_fn=<AsStridedBackward0>)
111111111111111111111111111111111111111111111111
111111111111111111111111111111111111111111111111
tensor([[[-3.0836,  2.1693, -3.9564],
         [-4.2856,  4.1009, -3.9645],
         [-3.6301,  2.4084, -5.2212],
         [ 0.0000,  0.0000,  0.0000],
         [ 0.0000,  0.0000,  0.0000],
         [ 0.0000,  0.0000,  0.0000],
         [ 0.0000,  0.0000,  0.0000],
         [ 0.0000,  0.0000,  0.0000],
         [ 0.0000,  0.0000,  0.0000],
         [ 0.0000,  0.0000,  0.0000]]], grad_fn=<AsStridedBackward0>)
111111111111111111111111111111111111111111111111
2222222222222222222222222222222222222222222222222220000000000000000000000000000000000000000
Epoch 4/10, Loss: 0.2728956937789917
111111111111111111111111111111111111111111111111
tensor([[[ -3.1091,   2.1786,  -3.9384],
         [ -7.3025,   9.4450,  -3.9783],
         [-11.0765,   5.6501, -22.2457],
         [  0.0000,   0.0000,   0.0000],
         [  0.0000,   0.0000,   0.0000],
         [  0.0000,   0.0000,   0.0000],
         [  0.0000,   0.0000,   0.0000],
         [  0.0000,   0.0000,   0.0000],
         [  0.0000,   0.0000,   0.0000],
         [  0.0000,   0.0000,   0.0000]]], grad_fn=<AsStridedBackward0>)
111111111111111111111111111111111111111111111111
111111111111111111111111111111111111111111111111
tensor([[[ -3.1368,   2.1891,  -3.9189],
         [ -5.3831,   5.9271,  -3.9050],
         [ -6.1778,   3.5085, -10.8495],
         [  0.0000,   0.0000,   0.0000],
         [  0.0000,   0.0000,   0.0000],
         [  0.0000,   0.0000,   0.0000],
         [  0.0000,   0.0000,   0.0000],
         [  0.0000,   0.0000,   0.0000],
         [  0.0000,   0.0000,   0.0000],
         [  0.0000,   0.0000,   0.0000]]], grad_fn=<AsStridedBackward0>)
111111111111111111111111111111111111111111111111
111111111111111111111111111111111111111111111111
tensor([[[-3.1637,  2.1995, -3.9001],
         [-4.3058,  3.9648, -3.8723],
         [-3.4418,  2.3197, -4.5290],
         [ 0.0000,  0.0000,  0.0000],
         [ 0.0000,  0.0000,  0.0000],
         [ 0.0000,  0.0000,  0.0000],
         [ 0.0000,  0.0000,  0.0000],
         [ 0.0000,  0.0000,  0.0000],
         [ 0.0000,  0.0000,  0.0000],
         [ 0.0000,  0.0000,  0.0000]]], grad_fn=<AsStridedBackward0>)
111111111111111111111111111111111111111111111111
111111111111111111111111111111111111111111111111
tensor([[[-3.1885,  2.2092, -3.8828],
         [-4.4614,  4.1842, -3.8425],
         [-3.7476,  2.4501, -5.1384],
         [ 0.0000,  0.0000,  0.0000],
         [ 0.0000,  0.0000,  0.0000],
         [ 0.0000,  0.0000,  0.0000],
         [ 0.0000,  0.0000,  0.0000],
         [ 0.0000,  0.0000,  0.0000],
         [ 0.0000,  0.0000,  0.0000],
         [ 0.0000,  0.0000,  0.0000]]], grad_fn=<AsStridedBackward0>)
111111111111111111111111111111111111111111111111
111111111111111111111111111111111111111111111111
tensor([[[-3.2113,  2.2181, -3.8668],
         [-4.2652,  3.8003, -3.8227],
         [-3.2113,  2.2181, -3.8668],
         [ 0.0000,  0.0000,  0.0000],
         [ 0.0000,  0.0000,  0.0000],
         [ 0.0000,  0.0000,  0.0000],
         [ 0.0000,  0.0000,  0.0000],
         [ 0.0000,  0.0000,  0.0000],
         [ 0.0000,  0.0000,  0.0000],
         [ 0.0000,  0.0000,  0.0000]]], grad_fn=<AsStridedBackward0>)
111111111111111111111111111111111111111111111111
2222222222222222222222222222222222222222222222222220000000000000000000000000000000000000000
Epoch 5/10, Loss: 0.044340092688798904
111111111111111111111111111111111111111111111111
tensor([[[ -3.2322,   2.2264,  -3.8521],
         [ -5.6033,   6.0383,  -3.7520],
         [ -6.3366,   3.5560, -10.7375],
         [  0.0000,   0.0000,   0.0000],
         [  0.0000,   0.0000,   0.0000],
         [  0.0000,   0.0000,   0.0000],
         [  0.0000,   0.0000,   0.0000],
         [  0.0000,   0.0000,   0.0000],
         [  0.0000,   0.0000,   0.0000],
         [  0.0000,   0.0000,   0.0000]]], grad_fn=<AsStridedBackward0>)
111111111111111111111111111111111111111111111111
111111111111111111111111111111111111111111111111
tensor([[[-3.2526,  2.2346, -3.8380],
         [-4.3291,  3.8309, -3.7786],
         [-3.2526,  2.2346, -3.8380],
         [ 0.0000,  0.0000,  0.0000],
         [ 0.0000,  0.0000,  0.0000],
         [ 0.0000,  0.0000,  0.0000],
         [ 0.0000,  0.0000,  0.0000],
         [ 0.0000,  0.0000,  0.0000],
         [ 0.0000,  0.0000,  0.0000],
         [ 0.0000,  0.0000,  0.0000]]], grad_fn=<AsStridedBackward0>)
111111111111111111111111111111111111111111111111
111111111111111111111111111111111111111111111111
tensor([[[ -3.2712,   2.2422,  -3.8251],
         [ -7.8798,   9.7495,  -3.5758],
         [-11.5219,   5.7596, -21.9305],
         [  0.0000,   0.0000,   0.0000],
         [  0.0000,   0.0000,   0.0000],
         [  0.0000,   0.0000,   0.0000],
         [  0.0000,   0.0000,   0.0000],
         [  0.0000,   0.0000,   0.0000],
         [  0.0000,   0.0000,   0.0000],
         [  0.0000,   0.0000,   0.0000]]], grad_fn=<AsStridedBackward0>)
111111111111111111111111111111111111111111111111
111111111111111111111111111111111111111111111111
tensor([[[-3.2915,  2.2510, -3.8111],
         [-4.5122,  4.0653, -3.7301],
         [-3.5772,  2.3726, -4.4346],
         [ 0.0000,  0.0000,  0.0000],
         [ 0.0000,  0.0000,  0.0000],
         [ 0.0000,  0.0000,  0.0000],
         [ 0.0000,  0.0000,  0.0000],
         [ 0.0000,  0.0000,  0.0000],
         [ 0.0000,  0.0000,  0.0000],
         [ 0.0000,  0.0000,  0.0000]]], grad_fn=<AsStridedBackward0>)
111111111111111111111111111111111111111111111111
111111111111111111111111111111111111111111111111
tensor([[[-3.3099,  2.2590, -3.7984],
         [-4.6661,  4.2857, -3.7016],
         [-3.8835,  2.5026, -5.0439],
         [ 0.0000,  0.0000,  0.0000],
         [ 0.0000,  0.0000,  0.0000],
         [ 0.0000,  0.0000,  0.0000],
         [ 0.0000,  0.0000,  0.0000],
         [ 0.0000,  0.0000,  0.0000],
         [ 0.0000,  0.0000,  0.0000],
         [ 0.0000,  0.0000,  0.0000]]], grad_fn=<AsStridedBackward0>)
111111111111111111111111111111111111111111111111
2222222222222222222222222222222222222222222222222220000000000000000000000000000000000000000
Epoch 6/10, Loss: 0.03861372545361519
111111111111111111111111111111111111111111111111
tensor([[[-3.3264,  2.2661, -3.7871],
         [-4.4432,  3.8882, -3.7007],
         [-3.3264,  2.2661, -3.7871],
         [ 0.0000,  0.0000,  0.0000],
         [ 0.0000,  0.0000,  0.0000],
         [ 0.0000,  0.0000,  0.0000],
         [ 0.0000,  0.0000,  0.0000],
         [ 0.0000,  0.0000,  0.0000],
         [ 0.0000,  0.0000,  0.0000],
         [ 0.0000,  0.0000,  0.0000]]], grad_fn=<AsStridedBackward0>)
111111111111111111111111111111111111111111111111
111111111111111111111111111111111111111111111111
tensor([[[-3.3413,  2.2725, -3.7768],
         [-4.5925,  4.1063, -3.6753],
         [-3.6300,  2.3947, -4.3982],
         [ 0.0000,  0.0000,  0.0000],
         [ 0.0000,  0.0000,  0.0000],
         [ 0.0000,  0.0000,  0.0000],
         [ 0.0000,  0.0000,  0.0000],
         [ 0.0000,  0.0000,  0.0000],
         [ 0.0000,  0.0000,  0.0000],
         [ 0.0000,  0.0000,  0.0000]]], grad_fn=<AsStridedBackward0>)
111111111111111111111111111111111111111111111111
111111111111111111111111111111111111111111111111
tensor([[[-3.3546,  2.2781, -3.7676],
         [-4.7411,  4.3242, -3.6504],
         [-3.9337,  2.5229, -5.0092],
         [ 0.0000,  0.0000,  0.0000],
         [ 0.0000,  0.0000,  0.0000],
         [ 0.0000,  0.0000,  0.0000],
         [ 0.0000,  0.0000,  0.0000],
         [ 0.0000,  0.0000,  0.0000],
         [ 0.0000,  0.0000,  0.0000],
         [ 0.0000,  0.0000,  0.0000]]], grad_fn=<AsStridedBackward0>)
111111111111111111111111111111111111111111111111
111111111111111111111111111111111111111111111111
tensor([[[ -3.3662,   2.2829,  -3.7595],
         [ -8.2184,   9.9376,  -3.3425],
         [-11.7847,   5.8368, -21.7475],
         [  0.0000,   0.0000,   0.0000],
         [  0.0000,   0.0000,   0.0000],
         [  0.0000,   0.0000,   0.0000],
         [  0.0000,   0.0000,   0.0000],
         [  0.0000,   0.0000,   0.0000],
         [  0.0000,   0.0000,   0.0000],
         [  0.0000,   0.0000,   0.0000]]], grad_fn=<AsStridedBackward0>)
111111111111111111111111111111111111111111111111
111111111111111111111111111111111111111111111111
tensor([[[ -3.3792,   2.2889,  -3.7506],
         [ -5.9427,   6.2185,  -3.5188],
         [ -6.5814,   3.6392, -10.5674],
         [  0.0000,   0.0000,   0.0000],
         [  0.0000,   0.0000,   0.0000],
         [  0.0000,   0.0000,   0.0000],
         [  0.0000,   0.0000,   0.0000],
         [  0.0000,   0.0000,   0.0000],
         [  0.0000,   0.0000,   0.0000],
         [  0.0000,   0.0000,   0.0000]]], grad_fn=<AsStridedBackward0>)
111111111111111111111111111111111111111111111111
2222222222222222222222222222222222222222222222222220000000000000000000000000000000000000000
Epoch 7/10, Loss: 0.03686637058854103
111111111111111111111111111111111111111111111111
tensor([[[ -3.3913,   2.2944,  -3.7424],
         [ -8.3071,   9.9896,  -3.2822],
         [-11.8556,   5.8602, -21.6986],
         [  0.0000,   0.0000,   0.0000],
         [  0.0000,   0.0000,   0.0000],
         [  0.0000,   0.0000,   0.0000],
         [  0.0000,   0.0000,   0.0000],
         [  0.0000,   0.0000,   0.0000],
         [  0.0000,   0.0000,   0.0000],
         [  0.0000,   0.0000,   0.0000]]], grad_fn=<AsStridedBackward0>)
111111111111111111111111111111111111111111111111
111111111111111111111111111111111111111111111111
tensor([[[-3.4044,  2.3009, -3.7335],
         [-4.6936,  4.1599, -3.6069],
         [-3.6971,  2.4241, -4.3522],
         [ 0.0000,  0.0000,  0.0000],
         [ 0.0000,  0.0000,  0.0000],
         [ 0.0000,  0.0000,  0.0000],
         [ 0.0000,  0.0000,  0.0000],
         [ 0.0000,  0.0000,  0.0000],
         [ 0.0000,  0.0000,  0.0000],
         [ 0.0000,  0.0000,  0.0000]]], grad_fn=<AsStridedBackward0>)
111111111111111111111111111111111111111111111111
111111111111111111111111111111111111111111111111
tensor([[[ -3.4158,   2.3063,  -3.7259],
         [ -6.0266,   6.2672,  -3.4624],
         [ -6.6434,   3.6639, -10.5252],
         [  0.0000,   0.0000,   0.0000],
         [  0.0000,   0.0000,   0.0000],
         [  0.0000,   0.0000,   0.0000],
         [  0.0000,   0.0000,   0.0000],
         [  0.0000,   0.0000,   0.0000],
         [  0.0000,   0.0000,   0.0000],
         [  0.0000,   0.0000,   0.0000]]], grad_fn=<AsStridedBackward0>)
111111111111111111111111111111111111111111111111
111111111111111111111111111111111111111111111111
tensor([[[-3.4262,  2.3114, -3.7188],
         [-4.5960,  3.9691, -3.5974],
         [-3.4262,  2.3114, -3.7188],
         [ 0.0000,  0.0000,  0.0000],
         [ 0.0000,  0.0000,  0.0000],
         [ 0.0000,  0.0000,  0.0000],
         [ 0.0000,  0.0000,  0.0000],
         [ 0.0000,  0.0000,  0.0000],
         [ 0.0000,  0.0000,  0.0000],
         [ 0.0000,  0.0000,  0.0000]]], grad_fn=<AsStridedBackward0>)
111111111111111111111111111111111111111111111111
111111111111111111111111111111111111111111111111
tensor([[[-3.4351,  2.3155, -3.7127],
         [-4.8751,  4.3976, -3.5602],
         [-4.0245,  2.5631, -4.9472],
         [ 0.0000,  0.0000,  0.0000],
         [ 0.0000,  0.0000,  0.0000],
         [ 0.0000,  0.0000,  0.0000],
         [ 0.0000,  0.0000,  0.0000],
         [ 0.0000,  0.0000,  0.0000],
         [ 0.0000,  0.0000,  0.0000],
         [ 0.0000,  0.0000,  0.0000]]], grad_fn=<AsStridedBackward0>)
111111111111111111111111111111111111111111111111
2222222222222222222222222222222222222222222222222220000000000000000000000000000000000000000
Epoch 8/10, Loss: 0.3554723262786865
111111111111111111111111111111111111111111111111
tensor([[[ -3.4423,   2.3188,  -3.7077],
         [ -6.0860,   6.3018,  -3.4224],
         [ -6.6898,   3.6817, -10.4932],
         [  0.0000,   0.0000,   0.0000],
         [  0.0000,   0.0000,   0.0000],
         [  0.0000,   0.0000,   0.0000],
         [  0.0000,   0.0000,   0.0000],
         [  0.0000,   0.0000,   0.0000],
         [  0.0000,   0.0000,   0.0000],
         [  0.0000,   0.0000,   0.0000]]], grad_fn=<AsStridedBackward0>)
111111111111111111111111111111111111111111111111
111111111111111111111111111111111111111111111111
tensor([[[-3.4488,  2.3216, -3.7032],
         [-4.7635,  4.1983, -3.5599],
         [-3.7445,  2.4456, -4.3198],
         [ 0.0000,  0.0000,  0.0000],
         [ 0.0000,  0.0000,  0.0000],
         [ 0.0000,  0.0000,  0.0000],
         [ 0.0000,  0.0000,  0.0000],
         [ 0.0000,  0.0000,  0.0000],
         [ 0.0000,  0.0000,  0.0000],
         [ 0.0000,  0.0000,  0.0000]]], grad_fn=<AsStridedBackward0>)
111111111111111111111111111111111111111111111111
111111111111111111111111111111111111111111111111
tensor([[[-3.4539,  2.3236, -3.6996],
         [-4.6371,  3.9907, -3.5695],
         [-3.4539,  2.3236, -3.6996],
         [ 0.0000,  0.0000,  0.0000],
         [ 0.0000,  0.0000,  0.0000],
         [ 0.0000,  0.0000,  0.0000],
         [ 0.0000,  0.0000,  0.0000],
         [ 0.0000,  0.0000,  0.0000],
         [ 0.0000,  0.0000,  0.0000],
         [ 0.0000,  0.0000,  0.0000]]], grad_fn=<AsStridedBackward0>)
111111111111111111111111111111111111111111111111
111111111111111111111111111111111111111111111111
tensor([[[ -3.4578,   2.3249,  -3.6968],
         [ -8.5329,  10.1267,  -3.1299],
         [-12.0557,   5.9257, -21.5590],
         [  0.0000,   0.0000,   0.0000],
         [  0.0000,   0.0000,   0.0000],
         [  0.0000,   0.0000,   0.0000],
         [  0.0000,   0.0000,   0.0000],
         [  0.0000,   0.0000,   0.0000],
         [  0.0000,   0.0000,   0.0000],
         [  0.0000,   0.0000,   0.0000]]], grad_fn=<AsStridedBackward0>)
111111111111111111111111111111111111111111111111
111111111111111111111111111111111111111111111111
tensor([[[-3.4625,  2.3269, -3.6935],
         [-4.9180,  4.4200, -3.5308],
         [-4.0563,  2.5754, -4.9247],
         [ 0.0000,  0.0000,  0.0000],
         [ 0.0000,  0.0000,  0.0000],
         [ 0.0000,  0.0000,  0.0000],
         [ 0.0000,  0.0000,  0.0000],
         [ 0.0000,  0.0000,  0.0000],
         [ 0.0000,  0.0000,  0.0000],
         [ 0.0000,  0.0000,  0.0000]]], grad_fn=<AsStridedBackward0>)
111111111111111111111111111111111111111111111111
2222222222222222222222222222222222222222222222222220000000000000000000000000000000000000000
Epoch 9/10, Loss: 0.46820834279060364
111111111111111111111111111111111111111111111111
tensor([[[-3.4658,  2.3280, -3.6911],
         [-4.9226,  4.4222, -3.5275],
         [-4.0602,  2.5766, -4.9218],
         [ 0.0000,  0.0000,  0.0000],
         [ 0.0000,  0.0000,  0.0000],
         [ 0.0000,  0.0000,  0.0000],
         [ 0.0000,  0.0000,  0.0000],
         [ 0.0000,  0.0000,  0.0000],
         [ 0.0000,  0.0000,  0.0000],
         [ 0.0000,  0.0000,  0.0000]]], grad_fn=<AsStridedBackward0>)
111111111111111111111111111111111111111111111111
111111111111111111111111111111111111111111111111
tensor([[[ -3.4677,   2.3282,  -3.6895],
         [ -8.5585,  10.1427,  -3.1127],
         [-12.0954,   5.9343, -21.5289],
         [  0.0000,   0.0000,   0.0000],
         [  0.0000,   0.0000,   0.0000],
         [  0.0000,   0.0000,   0.0000],
         [  0.0000,   0.0000,   0.0000],
         [  0.0000,   0.0000,   0.0000],
         [  0.0000,   0.0000,   0.0000],
         [  0.0000,   0.0000,   0.0000]]], grad_fn=<AsStridedBackward0>)
111111111111111111111111111111111111111111111111
111111111111111111111111111111111111111111111111
tensor([[[ -3.4704,   2.3291,  -3.6875],
         [ -6.1404,   6.3320,  -3.3851],
         [ -6.7465,   3.6976, -10.4515],
         [  0.0000,   0.0000,   0.0000],
         [  0.0000,   0.0000,   0.0000],
         [  0.0000,   0.0000,   0.0000],
         [  0.0000,   0.0000,   0.0000],
         [  0.0000,   0.0000,   0.0000],
         [  0.0000,   0.0000,   0.0000],
         [  0.0000,   0.0000,   0.0000]]], grad_fn=<AsStridedBackward0>)
111111111111111111111111111111111111111111111111
111111111111111111111111111111111111111111111111
tensor([[[-3.4725,  2.3296, -3.6859],
         [-4.6614,  4.0015, -3.5523],
         [-3.4725,  2.3296, -3.6859],
         [ 0.0000,  0.0000,  0.0000],
         [ 0.0000,  0.0000,  0.0000],
         [ 0.0000,  0.0000,  0.0000],
         [ 0.0000,  0.0000,  0.0000],
         [ 0.0000,  0.0000,  0.0000],
         [ 0.0000,  0.0000,  0.0000],
         [ 0.0000,  0.0000,  0.0000]]], grad_fn=<AsStridedBackward0>)
111111111111111111111111111111111111111111111111
111111111111111111111111111111111111111111111111
tensor([[[-3.4736,  2.3295, -3.6849],
         [-4.7968,  4.2133, -3.5362],
         [-3.7719,  2.4540, -4.2994],
         [ 0.0000,  0.0000,  0.0000],
         [ 0.0000,  0.0000,  0.0000],
         [ 0.0000,  0.0000,  0.0000],
         [ 0.0000,  0.0000,  0.0000],
         [ 0.0000,  0.0000,  0.0000],
         [ 0.0000,  0.0000,  0.0000],
         [ 0.0000,  0.0000,  0.0000]]], grad_fn=<AsStridedBackward0>)
111111111111111111111111111111111111111111111111
2222222222222222222222222222222222222222222222222220000000000000000000000000000000000000000
Epoch 10/10, Loss: 0.4132286012172699
111111111111111111111111111111111111111111111111
tensor([[[-2.7800,  2.2022, -3.1727],
         [-2.9884,  1.8862, -3.3804],
         [-3.1268,  2.5361, -3.5687],
         [ 0.0000,  0.0000,  0.0000],
         [ 0.0000,  0.0000,  0.0000],
         [ 0.0000,  0.0000,  0.0000],
         [ 0.0000,  0.0000,  0.0000],
         [ 0.0000,  0.0000,  0.0000],
         [ 0.0000,  0.0000,  0.0000],
         [ 0.0000,  0.0000,  0.0000]]], grad_fn=<AsStridedBackward0>)
111111111111111111111111111111111111111111111111
111111111111111111111111111111111111111111111111
tensor([[[-2.7800,  2.2246, -3.1943],
         [-2.9810,  1.8543, -3.3919],
         [-3.4730,  2.8960, -3.9908],
         [ 0.0000,  0.0000,  0.0000],
         [ 0.0000,  0.0000,  0.0000],
         [ 0.0000,  0.0000,  0.0000],
         [ 0.0000,  0.0000,  0.0000],
         [ 0.0000,  0.0000,  0.0000],
         [ 0.0000,  0.0000,  0.0000],
         [ 0.0000,  0.0000,  0.0000]]], grad_fn=<AsStridedBackward0>)
111111111111111111111111111111111111111111111111
111111111111111111111111111111111111111111111111
tensor([[[-2.7800,  2.2471, -3.2160],
         [-3.0059,  2.0133, -3.4505],
         [-2.7800,  2.2471, -3.2160],
         [ 0.0000,  0.0000,  0.0000],
         [ 0.0000,  0.0000,  0.0000],
         [ 0.0000,  0.0000,  0.0000],
         [ 0.0000,  0.0000,  0.0000],
         [ 0.0000,  0.0000,  0.0000],
         [ 0.0000,  0.0000,  0.0000],
         [ 0.0000,  0.0000,  0.0000]]], grad_fn=<AsStridedBackward0>)
111111111111111111111111111111111111111111111111
111111111111111111111111111111111111111111111111
tensor([[[-2.7801,  2.2696, -3.2377],
         [-2.8999,  1.3619, -3.3145],
         [-6.5846,  6.0024, -7.6669],
         [ 0.0000,  0.0000,  0.0000],
         [ 0.0000,  0.0000,  0.0000],
         [ 0.0000,  0.0000,  0.0000],
         [ 0.0000,  0.0000,  0.0000],
         [ 0.0000,  0.0000,  0.0000],
         [ 0.0000,  0.0000,  0.0000],
         [ 0.0000,  0.0000,  0.0000]]], grad_fn=<AsStridedBackward0>)
111111111111111111111111111111111111111111111111
2222222222222222222222222222222222222222222222222220000000000000000000000000000000000000000
Epoch 1/10, Loss: 2819.06103515625
111111111111111111111111111111111111111111111111
tensor([[[-2.7796,  2.2915, -3.2585],
         [-3.0114,  2.0750, -3.5034],
         [-2.7796,  2.2915, -3.2585],
         [ 0.0000,  0.0000,  0.0000],
         [ 0.0000,  0.0000,  0.0000],
         [ 0.0000,  0.0000,  0.0000],
         [ 0.0000,  0.0000,  0.0000],
         [ 0.0000,  0.0000,  0.0000],
         [ 0.0000,  0.0000,  0.0000],
         [ 0.0000,  0.0000,  0.0000]]], grad_fn=<AsStridedBackward0>)
111111111111111111111111111111111111111111111111
111111111111111111111111111111111111111111111111
tensor([[[-2.7795,  2.3130, -3.2791],
         [-2.9962,  1.9845, -3.5015],
         [-3.4699,  2.9985, -4.0928],
         [ 0.0000,  0.0000,  0.0000],
         [ 0.0000,  0.0000,  0.0000],
         [ 0.0000,  0.0000,  0.0000],
         [ 0.0000,  0.0000,  0.0000],
         [ 0.0000,  0.0000,  0.0000],
         [ 0.0000,  0.0000,  0.0000],
         [ 0.0000,  0.0000,  0.0000]]], grad_fn=<AsStridedBackward0>)
111111111111111111111111111111111111111111111111
111111111111111111111111111111111111111111111111
tensor([[[-2.7798,  2.3346, -3.3000],
         [-2.9242,  1.4816, -3.4091],
         [-6.5743,  6.1242, -7.7979],
         [ 0.0000,  0.0000,  0.0000],
         [ 0.0000,  0.0000,  0.0000],
         [ 0.0000,  0.0000,  0.0000],
         [ 0.0000,  0.0000,  0.0000],
         [ 0.0000,  0.0000,  0.0000],
         [ 0.0000,  0.0000,  0.0000],
         [ 0.0000,  0.0000,  0.0000]]], grad_fn=<AsStridedBackward0>)
111111111111111111111111111111111111111111111111
111111111111111111111111111111111111111111111111
tensor([[[-2.7803,  2.3568, -3.3215],
         [-3.0132,  2.1078, -3.5695],
         [-3.1250,  2.7031, -3.7325],
         [ 0.0000,  0.0000,  0.0000],
         [ 0.0000,  0.0000,  0.0000],
         [ 0.0000,  0.0000,  0.0000],
         [ 0.0000,  0.0000,  0.0000],
         [ 0.0000,  0.0000,  0.0000],
         [ 0.0000,  0.0000,  0.0000],
         [ 0.0000,  0.0000,  0.0000]]], grad_fn=<AsStridedBackward0>)
111111111111111111111111111111111111111111111111
2222222222222222222222222222222222222222222222222220000000000000000000000000000000000000000
Epoch 2/10, Loss: 1113.7958984375
111111111111111111111111111111111111111111111111
tensor([[[-2.7815,  2.3788, -3.3429],
         [-3.0255,  2.1970, -3.6092],
         [-2.7815,  2.3788, -3.3429],
         [ 0.0000,  0.0000,  0.0000],
         [ 0.0000,  0.0000,  0.0000],
         [ 0.0000,  0.0000,  0.0000],
         [ 0.0000,  0.0000,  0.0000],
         [ 0.0000,  0.0000,  0.0000],
         [ 0.0000,  0.0000,  0.0000],
         [ 0.0000,  0.0000,  0.0000]]], grad_fn=<AsStridedBackward0>)
111111111111111111111111111111111111111111111111
111111111111111111111111111111111111111111111111
tensor([[[-2.7834,  2.4004, -3.3642],
         [-3.0168,  2.1138, -3.6130],
         [-3.4722,  3.0998, -4.1947],
         [ 0.0000,  0.0000,  0.0000],
         [ 0.0000,  0.0000,  0.0000],
         [ 0.0000,  0.0000,  0.0000],
         [ 0.0000,  0.0000,  0.0000],
         [ 0.0000,  0.0000,  0.0000],
         [ 0.0000,  0.0000,  0.0000],
         [ 0.0000,  0.0000,  0.0000]]], grad_fn=<AsStridedBackward0>)
111111111111111111111111111111111111111111111111
111111111111111111111111111111111111111111111111
tensor([[[-2.7864,  2.4221, -3.3859],
         [-3.0310,  2.2017, -3.6528],
         [-3.1308,  2.7735, -3.8032],
         [ 0.0000,  0.0000,  0.0000],
         [ 0.0000,  0.0000,  0.0000],
         [ 0.0000,  0.0000,  0.0000],
         [ 0.0000,  0.0000,  0.0000],
         [ 0.0000,  0.0000,  0.0000],
         [ 0.0000,  0.0000,  0.0000],
         [ 0.0000,  0.0000,  0.0000]]], grad_fn=<AsStridedBackward0>)
111111111111111111111111111111111111111111111111
111111111111111111111111111111111111111111111111
tensor([[[-2.7906,  2.4437, -3.4078],
         [-2.9804,  1.6833, -3.5775],
         [-6.5803,  6.3284, -8.0212],
         [ 0.0000,  0.0000,  0.0000],
         [ 0.0000,  0.0000,  0.0000],
         [ 0.0000,  0.0000,  0.0000],
         [ 0.0000,  0.0000,  0.0000],
         [ 0.0000,  0.0000,  0.0000],
         [ 0.0000,  0.0000,  0.0000],
         [ 0.0000,  0.0000,  0.0000]]], grad_fn=<AsStridedBackward0>)
111111111111111111111111111111111111111111111111
2222222222222222222222222222222222222222222222222220000000000000000000000000000000000000000
Epoch 3/10, Loss: 2741.392333984375
111111111111111111111111111111111111111111111111
tensor([[[-2.7974,  2.4662, -3.4310],
         [-3.0462,  2.2111, -3.7027],
         [-3.4872,  3.1760, -4.2741],
         [ 0.0000,  0.0000,  0.0000],
         [ 0.0000,  0.0000,  0.0000],
         [ 0.0000,  0.0000,  0.0000],
         [ 0.0000,  0.0000,  0.0000],
         [ 0.0000,  0.0000,  0.0000],
         [ 0.0000,  0.0000,  0.0000],
         [ 0.0000,  0.0000,  0.0000]]], grad_fn=<AsStridedBackward0>)
111111111111111111111111111111111111111111111111
111111111111111111111111111111111111111111111111
tensor([[[-2.8058,  2.4885, -3.4545],
         [-3.0183,  1.7661, -3.6543],
         [-6.6054,  6.4124, -8.1156],
         [ 0.0000,  0.0000,  0.0000],
         [ 0.0000,  0.0000,  0.0000],
         [ 0.0000,  0.0000,  0.0000],
         [ 0.0000,  0.0000,  0.0000],
         [ 0.0000,  0.0000,  0.0000],
         [ 0.0000,  0.0000,  0.0000],
         [ 0.0000,  0.0000,  0.0000]]], grad_fn=<AsStridedBackward0>)
111111111111111111111111111111111111111111111111
111111111111111111111111111111111111111111111111
tensor([[[-2.8175,  2.5116, -3.4794],
         [-3.0876,  2.3826, -3.7858],
         [-2.8175,  2.5116, -3.4794],
         [ 0.0000,  0.0000,  0.0000],
         [ 0.0000,  0.0000,  0.0000],
         [ 0.0000,  0.0000,  0.0000],
         [ 0.0000,  0.0000,  0.0000],
         [ 0.0000,  0.0000,  0.0000],
         [ 0.0000,  0.0000,  0.0000],
         [ 0.0000,  0.0000,  0.0000]]], grad_fn=<AsStridedBackward0>)
111111111111111111111111111111111111111111111111
111111111111111111111111111111111111111111111111
tensor([[[-2.8303,  2.5342, -3.5042],
         [-3.1032,  2.3629, -3.8118],
         [-3.1776,  2.8946, -3.9324],
         [ 0.0000,  0.0000,  0.0000],
         [ 0.0000,  0.0000,  0.0000],
         [ 0.0000,  0.0000,  0.0000],
         [ 0.0000,  0.0000,  0.0000],
         [ 0.0000,  0.0000,  0.0000],
         [ 0.0000,  0.0000,  0.0000],
         [ 0.0000,  0.0000,  0.0000]]], grad_fn=<AsStridedBackward0>)
111111111111111111111111111111111111111111111111
2222222222222222222222222222222222222222222222222220000000000000000000000000000000000000000
Epoch 4/10, Loss: 1076.4300537109375
111111111111111111111111111111111111111111111111
tensor([[[-2.8447,  2.5566, -3.5293],
         [-3.1247,  2.3951, -3.8466],
         [-3.1930,  2.9187, -3.9597],
         [ 0.0000,  0.0000,  0.0000],
         [ 0.0000,  0.0000,  0.0000],
         [ 0.0000,  0.0000,  0.0000],
         [ 0.0000,  0.0000,  0.0000],
         [ 0.0000,  0.0000,  0.0000],
         [ 0.0000,  0.0000,  0.0000],
         [ 0.0000,  0.0000,  0.0000]]], grad_fn=<AsStridedBackward0>)
111111111111111111111111111111111111111111111111
111111111111111111111111111111111111111111111111
tensor([[[-2.8606,  2.5788, -3.5548],
         [-3.1501,  2.4764, -3.8875],
         [-2.8606,  2.5788, -3.5548],
         [ 0.0000,  0.0000,  0.0000],
         [ 0.0000,  0.0000,  0.0000],
         [ 0.0000,  0.0000,  0.0000],
         [ 0.0000,  0.0000,  0.0000],
         [ 0.0000,  0.0000,  0.0000],
         [ 0.0000,  0.0000,  0.0000],
         [ 0.0000,  0.0000,  0.0000]]], grad_fn=<AsStridedBackward0>)
111111111111111111111111111111111111111111111111
111111111111111111111111111111111111111111111111
tensor([[[-2.8778,  2.6007, -3.5804],
         [-3.1728,  2.4099, -3.9140],
         [-3.5796,  3.3320, -4.4498],
         [ 0.0000,  0.0000,  0.0000],
         [ 0.0000,  0.0000,  0.0000],
         [ 0.0000,  0.0000,  0.0000],
         [ 0.0000,  0.0000,  0.0000],
         [ 0.0000,  0.0000,  0.0000],
         [ 0.0000,  0.0000,  0.0000],
         [ 0.0000,  0.0000,  0.0000]]], grad_fn=<AsStridedBackward0>)
111111111111111111111111111111111111111111111111
111111111111111111111111111111111111111111111111
tensor([[[-2.8968,  2.6226, -3.6067],
         [-3.2007,  2.0140, -3.9236],
         [-6.7733,  6.6640, -8.4120],
         [ 0.0000,  0.0000,  0.0000],
         [ 0.0000,  0.0000,  0.0000],
         [ 0.0000,  0.0000,  0.0000],
         [ 0.0000,  0.0000,  0.0000],
         [ 0.0000,  0.0000,  0.0000],
         [ 0.0000,  0.0000,  0.0000],
         [ 0.0000,  0.0000,  0.0000]]], grad_fn=<AsStridedBackward0>)
111111111111111111111111111111111111111111111111
2222222222222222222222222222222222222222222222222220000000000000000000000000000000000000000
Epoch 5/10, Loss: 2659.328857421875
111111111111111111111111111111111111111111111111
tensor([[[-2.9188,  2.6456, -3.6352],
         [-3.2337,  2.5230, -3.9970],
         [-3.2730,  3.0148, -4.0743],
         [ 0.0000,  0.0000,  0.0000],
         [ 0.0000,  0.0000,  0.0000],
         [ 0.0000,  0.0000,  0.0000],
         [ 0.0000,  0.0000,  0.0000],
         [ 0.0000,  0.0000,  0.0000],
         [ 0.0000,  0.0000,  0.0000],
         [ 0.0000,  0.0000,  0.0000]]], grad_fn=<AsStridedBackward0>)
111111111111111111111111111111111111111111111111
111111111111111111111111111111111111111111111111
tensor([[[-2.9417,  2.6684, -3.6638],
         [-3.2691,  2.5100, -4.0381],
         [-3.6536,  3.4105, -4.5465],
         [ 0.0000,  0.0000,  0.0000],
         [ 0.0000,  0.0000,  0.0000],
         [ 0.0000,  0.0000,  0.0000],
         [ 0.0000,  0.0000,  0.0000],
         [ 0.0000,  0.0000,  0.0000],
         [ 0.0000,  0.0000,  0.0000],
         [ 0.0000,  0.0000,  0.0000]]], grad_fn=<AsStridedBackward0>)
111111111111111111111111111111111111111111111111
111111111111111111111111111111111111111111111111
tensor([[[-2.9658,  2.6911, -3.6929],
         [-3.3327,  2.1408, -4.0876],
         [-6.9018,  6.7928, -8.5726],
         [ 0.0000,  0.0000,  0.0000],
         [ 0.0000,  0.0000,  0.0000],
         [ 0.0000,  0.0000,  0.0000],
         [ 0.0000,  0.0000,  0.0000],
         [ 0.0000,  0.0000,  0.0000],
         [ 0.0000,  0.0000,  0.0000],
         [ 0.0000,  0.0000,  0.0000]]], grad_fn=<AsStridedBackward0>)
111111111111111111111111111111111111111111111111
111111111111111111111111111111111111111111111111
tensor([[[-2.9919,  2.7149, -3.7238],
         [-3.3363,  2.6664, -4.1250],
         [-2.9919,  2.7149, -3.7238],
         [ 0.0000,  0.0000,  0.0000],
         [ 0.0000,  0.0000,  0.0000],
         [ 0.0000,  0.0000,  0.0000],
         [ 0.0000,  0.0000,  0.0000],
         [ 0.0000,  0.0000,  0.0000],
         [ 0.0000,  0.0000,  0.0000],
         [ 0.0000,  0.0000,  0.0000]]], grad_fn=<AsStridedBackward0>)
111111111111111111111111111111111111111111111111
2222222222222222222222222222222222222222222222222220000000000000000000000000000000000000000
Epoch 6/10, Loss: 924.6231079101562
111111111111111111111111111111111111111111111111
tensor([[[-3.0184,  2.7383, -3.7546],
         [-3.4335,  2.2283, -4.2083],
         [-6.9995,  6.8816, -8.6859],
         [ 0.0000,  0.0000,  0.0000],
         [ 0.0000,  0.0000,  0.0000],
         [ 0.0000,  0.0000,  0.0000],
         [ 0.0000,  0.0000,  0.0000],
         [ 0.0000,  0.0000,  0.0000],
         [ 0.0000,  0.0000,  0.0000],
         [ 0.0000,  0.0000,  0.0000]]], grad_fn=<AsStridedBackward0>)
111111111111111111111111111111111111111111111111
111111111111111111111111111111111111111111111111
tensor([[[-3.0466,  2.7628, -3.7871],
         [-3.4207,  2.6916, -4.2211],
         [-3.4107,  3.1414, -4.2378],
         [ 0.0000,  0.0000,  0.0000],
         [ 0.0000,  0.0000,  0.0000],
         [ 0.0000,  0.0000,  0.0000],
         [ 0.0000,  0.0000,  0.0000],
         [ 0.0000,  0.0000,  0.0000],
         [ 0.0000,  0.0000,  0.0000],
         [ 0.0000,  0.0000,  0.0000]]], grad_fn=<AsStridedBackward0>)
111111111111111111111111111111111111111111111111
111111111111111111111111111111111111111111111111
tensor([[[-3.0752,  2.7869, -3.8194],
         [-3.4545,  2.7671, -4.2628],
         [-3.0752,  2.7869, -3.8194],
         [ 0.0000,  0.0000,  0.0000],
         [ 0.0000,  0.0000,  0.0000],
         [ 0.0000,  0.0000,  0.0000],
         [ 0.0000,  0.0000,  0.0000],
         [ 0.0000,  0.0000,  0.0000],
         [ 0.0000,  0.0000,  0.0000],
         [ 0.0000,  0.0000,  0.0000]]], grad_fn=<AsStridedBackward0>)
111111111111111111111111111111111111111111111111
111111111111111111111111111111111111111111111111
tensor([[[-3.1038,  2.8107, -3.8514],
         [-3.5140,  2.7209, -4.3259],
         [-3.8408,  3.5756, -4.7624],
         [ 0.0000,  0.0000,  0.0000],
         [ 0.0000,  0.0000,  0.0000],
         [ 0.0000,  0.0000,  0.0000],
         [ 0.0000,  0.0000,  0.0000],
         [ 0.0000,  0.0000,  0.0000],
         [ 0.0000,  0.0000,  0.0000],
         [ 0.0000,  0.0000,  0.0000]]], grad_fn=<AsStridedBackward0>)
111111111111111111111111111111111111111111111111
2222222222222222222222222222222222222222222222222220000000000000000000000000000000000000000
Epoch 7/10, Loss: 1132.1300048828125
111111111111111111111111111111111111111111111111
tensor([[[-3.1331,  2.8344, -3.8837],
         [-3.5583,  2.7562, -4.3761],
         [-3.8746,  3.6030, -4.7993],
         [ 0.0000,  0.0000,  0.0000],
         [ 0.0000,  0.0000,  0.0000],
         [ 0.0000,  0.0000,  0.0000],
         [ 0.0000,  0.0000,  0.0000],
         [ 0.0000,  0.0000,  0.0000],
         [ 0.0000,  0.0000,  0.0000],
         [ 0.0000,  0.0000,  0.0000]]], grad_fn=<AsStridedBackward0>)
111111111111111111111111111111111111111111111111
111111111111111111111111111111111111111111111111
tensor([[[-3.1629,  2.8581, -3.9161],
         [-3.5914,  2.8292, -4.4153],
         [-3.5359,  3.2442, -4.3763],
         [ 0.0000,  0.0000,  0.0000],
         [ 0.0000,  0.0000,  0.0000],
         [ 0.0000,  0.0000,  0.0000],
         [ 0.0000,  0.0000,  0.0000],
         [ 0.0000,  0.0000,  0.0000],
         [ 0.0000,  0.0000,  0.0000],
         [ 0.0000,  0.0000,  0.0000]]], grad_fn=<AsStridedBackward0>)
111111111111111111111111111111111111111111111111
111111111111111111111111111111111111111111111111
tensor([[[-3.1931,  2.8816, -3.9487],
         [-3.7701,  2.4962, -4.5971],
         [-7.3215,  7.1498, -9.0360],
         [ 0.0000,  0.0000,  0.0000],
         [ 0.0000,  0.0000,  0.0000],
         [ 0.0000,  0.0000,  0.0000],
         [ 0.0000,  0.0000,  0.0000],
         [ 0.0000,  0.0000,  0.0000],
         [ 0.0000,  0.0000,  0.0000],
         [ 0.0000,  0.0000,  0.0000]]], grad_fn=<AsStridedBackward0>)
111111111111111111111111111111111111111111111111
111111111111111111111111111111111111111111111111
tensor([[[-3.2249,  2.9065, -3.9831],
         [-3.6679,  2.9351, -4.5018],
         [-3.2249,  2.9065, -3.9831],
         [ 0.0000,  0.0000,  0.0000],
         [ 0.0000,  0.0000,  0.0000],
         [ 0.0000,  0.0000,  0.0000],
         [ 0.0000,  0.0000,  0.0000],
         [ 0.0000,  0.0000,  0.0000],
         [ 0.0000,  0.0000,  0.0000],
         [ 0.0000,  0.0000,  0.0000]]], grad_fn=<AsStridedBackward0>)
111111111111111111111111111111111111111111111111
2222222222222222222222222222222222222222222222222220000000000000000000000000000000000000000
Epoch 8/10, Loss: 885.030029296875
111111111111111111111111111111111111111111111111
tensor([[[-3.2567,  2.9311, -4.0172],
         [-3.7134,  2.9697, -4.5519],
         [-3.2567,  2.9311, -4.0172],
         [ 0.0000,  0.0000,  0.0000],
         [ 0.0000,  0.0000,  0.0000],
         [ 0.0000,  0.0000,  0.0000],
         [ 0.0000,  0.0000,  0.0000],
         [ 0.0000,  0.0000,  0.0000],
         [ 0.0000,  0.0000,  0.0000],
         [ 0.0000,  0.0000,  0.0000]]], grad_fn=<AsStridedBackward0>)
111111111111111111111111111111111111111111111111
111111111111111111111111111111111111111111111111
tensor([[[-3.2885,  2.9553, -4.0510],
         [-3.7946,  2.9368, -4.6388],
         [-4.0536,  3.7428, -4.9906],
         [ 0.0000,  0.0000,  0.0000],
         [ 0.0000,  0.0000,  0.0000],
         [ 0.0000,  0.0000,  0.0000],
         [ 0.0000,  0.0000,  0.0000],
         [ 0.0000,  0.0000,  0.0000],
         [ 0.0000,  0.0000,  0.0000],
         [ 0.0000,  0.0000,  0.0000]]], grad_fn=<AsStridedBackward0>)
111111111111111111111111111111111111111111111111
111111111111111111111111111111111111111111111111
tensor([[[-3.3208,  2.9795, -4.0851],
         [-3.8245,  3.0057, -4.6723],
         [-3.7058,  3.3752, -4.5573],
         [ 0.0000,  0.0000,  0.0000],
         [ 0.0000,  0.0000,  0.0000],
         [ 0.0000,  0.0000,  0.0000],
         [ 0.0000,  0.0000,  0.0000],
         [ 0.0000,  0.0000,  0.0000],
         [ 0.0000,  0.0000,  0.0000],
         [ 0.0000,  0.0000,  0.0000]]], grad_fn=<AsStridedBackward0>)
111111111111111111111111111111111111111111111111
111111111111111111111111111111111111111111111111
tensor([[[-3.3534,  3.0036, -4.1192],
         [-4.0817,  2.7272, -4.9464],
         [-7.6149,  7.3765, -9.3390],
         [ 0.0000,  0.0000,  0.0000],
         [ 0.0000,  0.0000,  0.0000],
         [ 0.0000,  0.0000,  0.0000],
         [ 0.0000,  0.0000,  0.0000],
         [ 0.0000,  0.0000,  0.0000],
         [ 0.0000,  0.0000,  0.0000],
         [ 0.0000,  0.0000,  0.0000]]], grad_fn=<AsStridedBackward0>)
111111111111111111111111111111111111111111111111
2222222222222222222222222222222222222222222222222220000000000000000000000000000000000000000
Epoch 9/10, Loss: 2473.45654296875
111111111111111111111111111111111111111111111111
tensor([[[-3.3878,  3.0294, -4.1554],
         [-4.1488,  2.7762, -5.0212],
         [-7.6775,  7.4241, -9.4031],
         [ 0.0000,  0.0000,  0.0000],
         [ 0.0000,  0.0000,  0.0000],
         [ 0.0000,  0.0000,  0.0000],
         [ 0.0000,  0.0000,  0.0000],
         [ 0.0000,  0.0000,  0.0000],
         [ 0.0000,  0.0000,  0.0000],
         [ 0.0000,  0.0000,  0.0000]]], grad_fn=<AsStridedBackward0>)
111111111111111111111111111111111111111111111111
111111111111111111111111111111111111111111111111
tensor([[[-3.4236,  3.0564, -4.1935],
         [-3.9769,  3.1180, -4.8382],
         [-3.8163,  3.4580, -4.6732],
         [ 0.0000,  0.0000,  0.0000],
         [ 0.0000,  0.0000,  0.0000],
         [ 0.0000,  0.0000,  0.0000],
         [ 0.0000,  0.0000,  0.0000],
         [ 0.0000,  0.0000,  0.0000],
         [ 0.0000,  0.0000,  0.0000],
         [ 0.0000,  0.0000,  0.0000]]], grad_fn=<AsStridedBackward0>)
111111111111111111111111111111111111111111111111
111111111111111111111111111111111111111111111111
tensor([[[-3.4594,  3.0831, -4.2311],
         [-4.0041,  3.1849, -4.8678],
         [-3.4594,  3.0831, -4.2311],
         [ 0.0000,  0.0000,  0.0000],
         [ 0.0000,  0.0000,  0.0000],
         [ 0.0000,  0.0000,  0.0000],
         [ 0.0000,  0.0000,  0.0000],
         [ 0.0000,  0.0000,  0.0000],
         [ 0.0000,  0.0000,  0.0000],
         [ 0.0000,  0.0000,  0.0000]]], grad_fn=<AsStridedBackward0>)
111111111111111111111111111111111111111111111111
111111111111111111111111111111111111111111111111
tensor([[[-3.4948,  3.1094, -4.2683],
         [-4.1104,  3.1690, -4.9832],
         [-4.2907,  3.9208, -5.2381],
         [ 0.0000,  0.0000,  0.0000],
         [ 0.0000,  0.0000,  0.0000],
         [ 0.0000,  0.0000,  0.0000],
         [ 0.0000,  0.0000,  0.0000],
         [ 0.0000,  0.0000,  0.0000],
         [ 0.0000,  0.0000,  0.0000],
         [ 0.0000,  0.0000,  0.0000]]], grad_fn=<AsStridedBackward0>)
111111111111111111111111111111111111111111111111
2222222222222222222222222222222222222222222222222220000000000000000000000000000000000000000
Epoch 10/10, Loss: 1056.53271484375
2222222222222222222222222222222222222222222222222220000000000000000000000000000000000000000
Epoch 1/10, Loss: 1404.4166259765625
2222222222222222222222222222222222222222222222222220000000000000000000000000000000000000000
Epoch 2/10, Loss: 1249.4144287109375
2222222222222222222222222222222222222222222222222220000000000000000000000000000000000000000
Epoch 3/10, Loss: 1104.9415283203125
2222222222222222222222222222222222222222222222222220000000000000000000000000000000000000000
Epoch 4/10, Loss: 1206.7635498046875
2222222222222222222222222222222222222222222222222220000000000000000000000000000000000000000
Epoch 5/10, Loss: 1310.6231689453125
2222222222222222222222222222222222222222222222222220000000000000000000000000000000000000000
Epoch 6/10, Loss: 1163.0958251953125
2222222222222222222222222222222222222222222222222220000000000000000000000000000000000000000
Epoch 7/10, Loss: 2733.39501953125
2222222222222222222222222222222222222222222222222220000000000000000000000000000000000000000
Epoch 8/10, Loss: 1236.746826171875
2222222222222222222222222222222222222222222222222220000000000000000000000000000000000000000
Epoch 9/10, Loss: 1210.944091796875
2222222222222222222222222222222222222222222222222220000000000000000000000000000000000000000
Epoch 10/10, Loss: 2579.843505859375
